{
 "cells": [
  {
   "cell_type": "code",
   "execution_count": 40,
   "outputs": [],
   "source": [
    "import sys\n",
    "import os\n",
    "import numpy as np\n",
    "sys.path.append(os.path.abspath(\"../../../mathematical_models\"))\n",
    "from mathematical_models.f_on_f import FunctionOnFunctionModel\n",
    "from mathematical_models.s_on_f import ScalarOnFunctionModel\n",
    "from datetime import datetime\n",
    "\n",
    "sys.path.append(os.path.abspath(\"../../../optimizers\"))\n",
    "from optimizers.cordex_continuous import CordexContinuous\n",
    "from optimizers.nbdo import NBDO\n",
    "\n",
    "sys.path.append(os.path.abspath(\"../../basis\"))\n",
    "from basis.bspline import BSplineBasis\n",
    "from basis.polynomial import PolynomialBasis\n",
    "from basis.fourier import FourierBasis\n",
    "from basis.basis import plot_design\n",
    "from basis.basis import Basis\n",
    "\n",
    "from J.jmatrix import JMatrix"
   ],
   "metadata": {
    "collapsed": false
   }
  },
  {
   "cell_type": "markdown",
   "source": [
    "#### Example 1"
   ],
   "metadata": {
    "collapsed": false
   }
  },
  {
   "cell_type": "code",
   "execution_count": null,
   "outputs": [],
   "source": [
    "x_base_1 = BSplineBasis(degree=3, total_knots_num=7)\n",
    "b_base_1 = BSplineBasis(degree=1, total_knots_num=3)\n",
    "\n",
    "\n",
    "x_base_2 = BSplineBasis(degree=3, total_knots_num=7)\n",
    "b_base_2 = BSplineBasis(degree=2, total_knots_num=3)\n",
    "\n",
    "bases_pairs = [(x_base_1, b_base_1),\n",
    "               (x_base_2, b_base_2)]\n",
    "x_bases = [x_base_1, x_base_2]\n",
    "b_bases = [b_base_1, b_base_2]\n",
    "model = FunctionOnFunctionModel(bases_pairs=bases_pairs, Sigma_decay=np.inf, const=True)"
   ],
   "metadata": {
    "collapsed": false
   }
  },
  {
   "cell_type": "code",
   "execution_count": null,
   "outputs": [],
   "source": [
    "N = int(10*sum([len(b_base.internal_knots) + 2 + b_base.degree - 1 for b_base in b_bases]))\n",
    "epochs = 100\n",
    "refinement_epochs = 10"
   ],
   "metadata": {
    "collapsed": false
   }
  },
  {
   "cell_type": "code",
   "execution_count": null,
   "outputs": [],
   "source": [
    "N"
   ],
   "metadata": {
    "collapsed": false
   }
  },
  {
   "cell_type": "code",
   "execution_count": null,
   "outputs": [],
   "source": [
    "# optimizer = CordexDiscrete(model=model, runs=N, levels=[-1,1])\n",
    "# optimizer = CordexContinuous(model=model, runs=N)\n",
    "# best_design, best_objective_value = optimizer.optimize(epochs=epochs, refinement_epochs=refinement_epochs)"
   ],
   "metadata": {
    "collapsed": false
   }
  },
  {
   "cell_type": "code",
   "execution_count": null,
   "outputs": [],
   "source": [
    "optimizer = NBDO(model=model, latent_dim=4)\n",
    "optimizer.compute_train_set(num_designs=500, runs=N, epsilon=1e-8)"
   ],
   "metadata": {
    "collapsed": false
   }
  },
  {
   "cell_type": "code",
   "execution_count": null,
   "outputs": [],
   "source": [
    "history = optimizer.fit(epochs=1000, patience=100)\n",
    "best_objective_value, best_design = optimizer.optimize()\n",
    "optimizer.clear_memory()"
   ],
   "metadata": {
    "collapsed": false
   }
  },
  {
   "cell_type": "code",
   "execution_count": null,
   "outputs": [],
   "source": [
    "print(f\"Best objective value: {np.round(best_objective_value,3)} for {5, 5} bases.\")\n",
    "plot_design(best_design, x_bases, N,\n",
    "            sub_x=10, sub_y=7, colour=\"#FFC100\", figsize=(2*8, 2*6)) # FFC100"
   ],
   "metadata": {
    "collapsed": false
   }
  },
  {
   "cell_type": "markdown",
   "source": [
    "#### Example 2\n",
    "zero bspline with [2,4,8,16,50] and 1st bspline 3split for b."
   ],
   "metadata": {
    "collapsed": false
   }
  },
  {
   "cell_type": "code",
   "execution_count": null,
   "outputs": [],
   "source": [
    "num_of_bases = [2,4,8,16,50]\n",
    "for num_of_basis in num_of_bases:\n",
    "    x_base_1 = BSplineBasis(degree=0, num_basis_functions=num_of_basis)\n",
    "    b_base_1 = BSplineBasis(degree=1, num_basis_functions=3)\n",
    "    bases_pairs = [(x_base_1, b_base_1)]\n",
    "    x_bases = [x_base_1]\n",
    "\n",
    "    model = FunctionOnFunctionModel(bases_pairs=bases_pairs, Sigma_decay=np.inf)\n",
    "    optimizer = CordexContinuous(model=model, runs=N)\n",
    "    best_design, best_objective_value = optimizer.optimize(epochs=epochs, refinement_epochs=refinement_epochs)\n",
    "    plot_design(best_design, x_bases, N,\n",
    "                sub_x=4, sub_y=3, colour=\"#000000\") # FFC100\n",
    "    print(f\"Best objective value: {np.round(best_objective_value,3)} for {num_of_basis} bases.\")"
   ],
   "metadata": {
    "collapsed": false
   }
  },
  {
   "cell_type": "markdown",
   "source": [
    "#### Example 3\n",
    "zero bspline with [2,4,16] and 2nd bspline quadratic for b."
   ],
   "metadata": {
    "collapsed": false
   }
  },
  {
   "cell_type": "code",
   "execution_count": null,
   "outputs": [],
   "source": [
    "num_of_bases = [2,3,4,8,16,100]\n",
    "for num_of_basis in num_of_bases:\n",
    "    x_base_1 = BSplineBasis(degree=0, num_basis_functions=num_of_basis)\n",
    "    b_base_1 = BSplineBasis(degree=2, num_basis_functions=4)\n",
    "    bases_pairs = [(x_base_1, b_base_1)]\n",
    "    x_bases = [x_base_1]\n",
    "\n",
    "    model = FunctionOnFunctionModel(bases_pairs=bases_pairs, Sigma_decay=np.inf)\n",
    "    optimizer = CordexContinuous(model=model, runs=N)\n",
    "    best_design, best_objective_value = optimizer.optimize(epochs=epochs, refinement_epochs=refinement_epochs)\n",
    "    plot_design(best_design, x_bases, N,\n",
    "                sub_x=4, sub_y=3, colour=\"#000000\") # FFC100\n",
    "    print(f\"Best objective value: {np.round(best_objective_value,3)} for {num_of_basis} bases.\")"
   ],
   "metadata": {
    "collapsed": false
   }
  },
  {
   "cell_type": "markdown",
   "source": [
    "#### Example 4\n",
    "zero bspline with [2,4,16] and 2nd bspline quadratic for b."
   ],
   "metadata": {
    "collapsed": false
   }
  },
  {
   "cell_type": "markdown",
   "source": [
    "---"
   ],
   "metadata": {
    "collapsed": false
   }
  },
  {
   "cell_type": "markdown",
   "source": [
    "### Penalty"
   ],
   "metadata": {
    "collapsed": false
   }
  },
  {
   "cell_type": "code",
   "execution_count": null,
   "outputs": [],
   "source": [
    "x_base = BSplineBasis(degree=0, total_knots_num=4)\n",
    "b_base = PolynomialBasis(degree=3)\n",
    "bases_pairs = [(x_base, b_base)]\n",
    "x_bases = [x_base]\n",
    "b_bases = [b_base]\n",
    "model_no_penalty = FunctionOnFunctionModel(bases_pairs=bases_pairs, Sigma_decay=np.inf, const=True)\n",
    "model_penalty = FunctionOnFunctionModel(bases_pairs=bases_pairs, Sigma_decay=np.inf, const=True, lambda_s=10, lambda_t=10)"
   ],
   "metadata": {
    "collapsed": false
   }
  },
  {
   "cell_type": "code",
   "execution_count": null,
   "outputs": [],
   "source": [
    "optimizer_no_penalty = CordexContinuous(model=model_no_penalty, runs=12)\n",
    "optimizer_penalty = CordexContinuous(model=model_penalty, runs=12)"
   ],
   "metadata": {
    "collapsed": false
   }
  },
  {
   "cell_type": "code",
   "execution_count": null,
   "outputs": [],
   "source": [
    "best_design_no_penalty, best_objective_value_no_penalty = optimizer_no_penalty.optimize(epochs=100, refinement_epochs=1)\n",
    "best_design_penalty, best_objective_value_penalty = optimizer_penalty.optimize(epochs=100, refinement_epochs=1)"
   ],
   "metadata": {
    "collapsed": false
   }
  },
  {
   "cell_type": "code",
   "execution_count": null,
   "outputs": [],
   "source": [
    "plot_design(best_design_no_penalty, x_bases, 12,\n",
    "            sub_x=3, sub_y=4, colour=\"#FFC100\") # FFC100"
   ],
   "metadata": {
    "collapsed": false
   }
  },
  {
   "cell_type": "code",
   "execution_count": null,
   "outputs": [],
   "source": [
    "plot_design(best_design_penalty, x_bases, 12,\n",
    "            sub_x=3, sub_y=4, colour=\"#FFC100\") # FFC100"
   ],
   "metadata": {
    "collapsed": false
   }
  },
  {
   "cell_type": "code",
   "execution_count": null,
   "outputs": [],
   "source": [
    "best_objective_value_no_penalty"
   ],
   "metadata": {
    "collapsed": false
   }
  },
  {
   "cell_type": "markdown",
   "source": [
    "---"
   ],
   "metadata": {
    "collapsed": false
   }
  },
  {
   "cell_type": "code",
   "execution_count": 51,
   "outputs": [],
   "source": [
    "from scipy.integrate import quad\n",
    "from scipy.misc import derivative\n",
    "from scipy.linalg import block_diag\n",
    "\n",
    "def compute_DER_MAT(basis_pair, const=True):\n",
    "    R_blocks = []\n",
    "\n",
    "    for _, b_base in basis_pair:\n",
    "        num_basis = b_base.num_basis()\n",
    "\n",
    "        def second_derivative(i, t):\n",
    "            return derivative(lambda x: b_base.evaluate_basis_function(i, x), t, dx=1e-6, n=2)\n",
    "\n",
    "        R = np.zeros((num_basis, num_basis))\n",
    "        for i in range(num_basis):\n",
    "            for j in range(num_basis):\n",
    "                integrand = lambda t: second_derivative(i, t) * second_derivative(j, t)\n",
    "                R[i, j], _ = quad(integrand, 0, 1)\n",
    "\n",
    "        R_blocks.append(R)\n",
    "\n",
    "    # Create block diagonal matrix from all R_blocks\n",
    "    R_combined = block_diag(*R_blocks)\n",
    "    if const:\n",
    "        # Expand the final matrix to include the leading 1\n",
    "        final_size = R_combined.shape[0] + 1\n",
    "        R_with_one = np.zeros((final_size, final_size))\n",
    "        R_with_one[0, 0] = 1\n",
    "        R_with_one[1:, 1:] = R_combined\n",
    "\n",
    "        return R_with_one\n",
    "    else:\n",
    "        return R_combined"
   ],
   "metadata": {
    "collapsed": false
   }
  },
  {
   "cell_type": "code",
   "execution_count": 54,
   "outputs": [],
   "source": [
    "L = 12\n",
    "A = 50 * np.random.rand(L,L)\n",
    "semi_def = A.T @ A\n",
    "Sigma1 = semi_def + 5 * np.eye(L)\n",
    "\n",
    "A = np.random.normal(12, 2, L*L).reshape(L,L)\n",
    "semi_def = A.T @ A\n",
    "Sigma2 = semi_def + 2 * np.eye(L)"
   ],
   "metadata": {
    "collapsed": false
   }
  },
  {
   "cell_type": "code",
   "execution_count": null,
   "outputs": [],
   "source": [],
   "metadata": {
    "collapsed": false
   }
  },
  {
   "cell_type": "code",
   "execution_count": 52,
   "outputs": [
    {
     "name": "stderr",
     "output_type": "stream",
     "text": [
      "/var/folders/bb/tzggm8cx2f5fyxfhdmmhn7j40000gn/T/ipykernel_69320/2707710733.py:12: DeprecationWarning: scipy.misc.derivative is deprecated in SciPy v1.10.0; and will be completely removed in SciPy v1.12.0. You may consider using findiff: https://github.com/maroba/findiff or numdifftools: https://github.com/pbrod/numdifftools\n",
      "  return derivative(lambda x: b_base.evaluate_basis_function(i, x), t, dx=1e-6, n=2)\n",
      "/var/folders/bb/tzggm8cx2f5fyxfhdmmhn7j40000gn/T/ipykernel_69320/2707710733.py:18: IntegrationWarning: The occurrence of roundoff error is detected, which prevents \n",
      "  the requested tolerance from being achieved.  The error may be \n",
      "  underestimated.\n",
      "  R[i, j], _ = quad(integrand, 0, 1)\n",
      "/var/folders/bb/tzggm8cx2f5fyxfhdmmhn7j40000gn/T/ipykernel_69320/2707710733.py:18: IntegrationWarning: The maximum number of subdivisions (50) has been achieved.\n",
      "  If increasing the limit yields no improvement it is advised to analyze \n",
      "  the integrand in order to determine the difficulties.  If the position of a \n",
      "  local difficulty can be determined (singularity, discontinuity) one will \n",
      "  probably gain from splitting up the interval and calling the integrator \n",
      "  on the subranges.  Perhaps a special-purpose integrator should be used.\n",
      "  R[i, j], _ = quad(integrand, 0, 1)\n"
     ]
    },
    {
     "data": {
      "text/plain": "array([[ 0.00000000e+00,  0.00000000e+00,  0.00000000e+00,\n         0.00000000e+00,  0.00000000e+00,  0.00000000e+00,\n         0.00000000e+00,  0.00000000e+00,  0.00000000e+00,\n         0.00000000e+00,  0.00000000e+00,  0.00000000e+00],\n       [ 0.00000000e+00,  1.55854567e+03, -9.40472530e-04,\n         5.92353684e-03,  4.22342924e-03,  1.10752343e-02,\n        -8.66578268e-03,  1.07271593e-02, -9.72756262e-03,\n        -3.69016282e-02, -4.18245805e-02,  3.38736559e-02],\n       [ 0.00000000e+00, -9.40472530e-04,  1.55854334e+03,\n         2.55684695e-03, -4.46219169e-03,  4.63180699e-03,\n         1.10815448e-02, -1.65819740e-02, -1.87219090e-02,\n        -7.94163925e-03,  2.91298495e-02,  2.30182605e-02],\n       [ 0.00000000e+00,  5.92353684e-03,  2.55684695e-03,\n         2.49367325e+04, -1.73740124e-02, -1.15869412e-03,\n         2.82725321e-02, -3.48676489e-02, -7.85901217e-02,\n         2.00046766e-02, -1.79905812e-01,  1.92533139e-01],\n       [ 0.00000000e+00,  4.22342924e-03, -4.46219169e-03,\n        -1.73740124e-02,  2.49367236e+04,  1.34226998e-02,\n        -1.88281005e-02, -7.03383776e-02,  2.72477009e-02,\n        -7.61505149e-02, -6.62441487e-02,  4.63242429e-02],\n       [ 0.00000000e+00,  1.10752343e-02,  4.63180699e-03,\n        -1.15869412e-03,  1.34226998e-02,  1.26242166e+05,\n        -4.70760542e-02,  8.17944723e-03, -7.41406611e-02,\n        -1.08575413e-01, -9.48032031e-02,  1.32127026e-01],\n       [ 0.00000000e+00, -8.66578268e-03,  1.10815448e-02,\n         2.82725321e-02, -1.88281005e-02, -4.70760542e-02,\n         1.26242218e+05, -1.03414690e-01,  2.16289047e-02,\n        -1.14686938e-01, -1.43475611e-01, -1.19683080e-01],\n       [ 0.00000000e+00,  1.07271593e-02, -1.65819740e-02,\n        -3.48676489e-02, -7.03383776e-02,  8.17944723e-03,\n        -1.03414690e-01,  3.98987990e+05, -2.67948654e-02,\n         4.93460613e-02,  2.38416849e-01, -9.02615495e-02],\n       [ 0.00000000e+00, -9.72756262e-03, -1.87219090e-02,\n        -7.85901217e-02,  2.72477009e-02, -7.41406611e-02,\n         2.16289047e-02, -2.67948654e-02,  3.98987252e+05,\n         8.91588664e-02, -1.01665931e-01,  3.26654057e-01],\n       [ 0.00000000e+00, -3.69016282e-02, -7.94163925e-03,\n         2.00046766e-02, -7.61505149e-02, -1.08575413e-01,\n        -1.14686938e-01,  4.93460613e-02,  8.91588664e-02,\n         9.74090944e+05, -1.01422594e-01,  2.05564263e-01],\n       [ 0.00000000e+00, -4.18245805e-02,  2.91298495e-02,\n        -1.79905812e-01, -6.62441487e-02, -9.48032031e-02,\n        -1.43475611e-01,  2.38416849e-01, -1.01665931e-01,\n        -1.01422594e-01,  9.74090805e+05,  5.58538979e-01],\n       [ 0.00000000e+00,  3.38736559e-02,  2.30182605e-02,\n         1.92533139e-01,  4.63242429e-02,  1.32127026e-01,\n        -1.19683080e-01, -9.02615495e-02,  3.26654057e-01,\n         2.05564263e-01,  5.58538979e-01,  2.01987453e+06]])"
     },
     "execution_count": 52,
     "metadata": {},
     "output_type": "execute_result"
    }
   ],
   "source": [
    "L=3\n",
    "bt_base = FourierBasis(num_basis_functions=12) # theta\n",
    "j_thetatheta = [(bt_base, bt_base)]\n",
    "S = compute_DER_MAT(j_thetatheta, const=False)\n",
    "S"
   ],
   "metadata": {
    "collapsed": false
   }
  },
  {
   "cell_type": "markdown",
   "source": [
    "## Super Saturated"
   ],
   "metadata": {
    "collapsed": false
   }
  },
  {
   "cell_type": "code",
   "execution_count": 60,
   "outputs": [
    {
     "name": "stderr",
     "output_type": "stream",
     "text": [
      "/var/folders/bb/tzggm8cx2f5fyxfhdmmhn7j40000gn/T/ipykernel_69320/2707710733.py:12: DeprecationWarning: scipy.misc.derivative is deprecated in SciPy v1.10.0; and will be completely removed in SciPy v1.12.0. You may consider using findiff: https://github.com/maroba/findiff or numdifftools: https://github.com/pbrod/numdifftools\n",
      "  return derivative(lambda x: b_base.evaluate_basis_function(i, x), t, dx=1e-6, n=2)\n",
      "/var/folders/bb/tzggm8cx2f5fyxfhdmmhn7j40000gn/T/ipykernel_69320/2707710733.py:18: IntegrationWarning: The occurrence of roundoff error is detected, which prevents \n",
      "  the requested tolerance from being achieved.  The error may be \n",
      "  underestimated.\n",
      "  R[i, j], _ = quad(integrand, 0, 1)\n",
      "/var/folders/bb/tzggm8cx2f5fyxfhdmmhn7j40000gn/T/ipykernel_69320/2707710733.py:18: IntegrationWarning: The maximum number of subdivisions (50) has been achieved.\n",
      "  If increasing the limit yields no improvement it is advised to analyze \n",
      "  the integrand in order to determine the difficulties.  If the position of a \n",
      "  local difficulty can be determined (singularity, discontinuity) one will \n",
      "  probably gain from splitting up the interval and calling the integrator \n",
      "  on the subranges.  Perhaps a special-purpose integrator should be used.\n",
      "  R[i, j], _ = quad(integrand, 0, 1)\n",
      "/var/folders/bb/tzggm8cx2f5fyxfhdmmhn7j40000gn/T/ipykernel_69320/2707710733.py:18: IntegrationWarning: The integral is probably divergent, or slowly convergent.\n",
      "  R[i, j], _ = quad(integrand, 0, 1)\n"
     ]
    }
   ],
   "source": [
    "x_base = BSplineBasis(degree=3, total_knots_num=15) # C\n",
    "bs_base = BSplineBasis(degree=3, total_knots_num=15) # H # 6\n",
    "bt_base = FourierBasis(num_basis_functions=12) # theta\n",
    "bases_pairs = [(x_base, bs_base)]\n",
    "jch_pairs = [(x_base, bs_base)]\n",
    "jhh_pairs = [(bs_base, bs_base)]\n",
    "j_thetatheta = [(bt_base, bt_base)]\n",
    "J_CH = np.round(JMatrix(jch_pairs).compute(),3)\n",
    "J_HH = np.round(JMatrix(jhh_pairs).compute(),3)\n",
    "J_HH = np.pad(J_HH, ((1,0),(1,0)))\n",
    "J_HH[0,0] = 1\n",
    "J_thetatheta = np.round(JMatrix(j_thetatheta).compute(),3)\n",
    "R = compute_DER_MAT(jhh_pairs, const=True)\n",
    "S = np.round(compute_DER_MAT(j_thetatheta, const=False),3)\n",
    "\n",
    "lambda_s = 0.25\n",
    "lambda_t = 0.25\n",
    "lambda_s = lambda_s/np.max(np.abs(R))\n",
    "## a/b = e^(log(a) - log(b))\n",
    "lambda_t = lambda_t/np.max(np.abs(np.kron(S, J_HH)))"
   ],
   "metadata": {
    "collapsed": false
   }
  },
  {
   "cell_type": "code",
   "execution_count": 61,
   "outputs": [
    {
     "data": {
      "text/plain": "array([[ 1.0000000e+00,  0.0000000e+00,  0.0000000e+00,  0.0000000e+00,\n         0.0000000e+00,  0.0000000e+00,  0.0000000e+00,  0.0000000e+00,\n         0.0000000e+00,  0.0000000e+00,  0.0000000e+00,  0.0000000e+00,\n         0.0000000e+00,  0.0000000e+00,  0.0000000e+00,  0.0000000e+00,\n         0.0000000e+00,  0.0000000e+00],\n       [ 0.0000000e+00,  3.2928001e+04, -4.5275998e+04,  9.6039990e+03,\n         2.7440000e+03,  0.0000000e+00,  0.0000000e+00,  0.0000000e+00,\n         0.0000000e+00,  0.0000000e+00,  0.0000000e+00,  0.0000000e+00,\n         0.0000000e+00,  0.0000000e+00,  0.0000000e+00,  0.0000000e+00,\n         0.0000000e+00,  0.0000000e+00],\n       [ 0.0000000e+00, -4.5275998e+04,  6.5855999e+04, -1.8522000e+04,\n        -2.7440000e+03,  6.8600000e+02,  0.0000000e+00,  0.0000000e+00,\n         0.0000000e+00,  0.0000000e+00,  0.0000000e+00,  0.0000000e+00,\n         0.0000000e+00,  0.0000000e+00,  0.0000000e+00,  0.0000000e+00,\n         0.0000000e+00,  0.0000000e+00],\n       [ 0.0000000e+00,  9.6039990e+03, -1.8522000e+04,  1.2348001e+04,\n        -3.6586670e+03, -2.2866700e+02,  4.5733300e+02,  0.0000000e+00,\n         0.0000000e+00,  0.0000000e+00,  0.0000000e+00,  0.0000000e+00,\n         0.0000000e+00,  0.0000000e+00,  0.0000000e+00,  0.0000000e+00,\n         0.0000000e+00,  0.0000000e+00],\n       [ 0.0000000e+00,  2.7440000e+03, -2.7440000e+03, -3.6586670e+03,\n         7.3173350e+03, -4.1160000e+03,  0.0000000e+00,  4.5733300e+02,\n         0.0000000e+00,  0.0000000e+00,  0.0000000e+00,  0.0000000e+00,\n         0.0000000e+00,  0.0000000e+00,  0.0000000e+00,  0.0000000e+00,\n         0.0000000e+00,  0.0000000e+00],\n       [ 0.0000000e+00,  0.0000000e+00,  6.8600000e+02, -2.2866700e+02,\n        -4.1160000e+03,  7.3173340e+03, -4.1160000e+03,  0.0000000e+00,\n         4.5733300e+02,  0.0000000e+00,  0.0000000e+00,  0.0000000e+00,\n         0.0000000e+00,  0.0000000e+00,  0.0000000e+00,  0.0000000e+00,\n         0.0000000e+00,  0.0000000e+00],\n       [ 0.0000000e+00,  0.0000000e+00,  0.0000000e+00,  4.5733300e+02,\n         0.0000000e+00, -4.1160000e+03,  7.3173340e+03, -4.1160000e+03,\n        -0.0000000e+00,  4.5733300e+02,  0.0000000e+00,  0.0000000e+00,\n         0.0000000e+00,  0.0000000e+00,  0.0000000e+00,  0.0000000e+00,\n         0.0000000e+00,  0.0000000e+00],\n       [ 0.0000000e+00,  0.0000000e+00,  0.0000000e+00,  0.0000000e+00,\n         4.5733300e+02,  0.0000000e+00, -4.1160000e+03,  7.3173330e+03,\n        -4.1160000e+03,  0.0000000e+00,  4.5733300e+02,  0.0000000e+00,\n         0.0000000e+00,  0.0000000e+00,  0.0000000e+00,  0.0000000e+00,\n         0.0000000e+00,  0.0000000e+00],\n       [ 0.0000000e+00,  0.0000000e+00,  0.0000000e+00,  0.0000000e+00,\n         0.0000000e+00,  4.5733300e+02, -0.0000000e+00, -4.1160000e+03,\n         7.3173330e+03, -4.1160000e+03,  0.0000000e+00,  4.5733300e+02,\n         0.0000000e+00,  0.0000000e+00,  0.0000000e+00,  0.0000000e+00,\n         0.0000000e+00,  0.0000000e+00],\n       [ 0.0000000e+00,  0.0000000e+00,  0.0000000e+00,  0.0000000e+00,\n         0.0000000e+00,  0.0000000e+00,  4.5733300e+02,  0.0000000e+00,\n        -4.1160000e+03,  7.3173340e+03, -4.1160000e+03, -0.0000000e+00,\n         4.5733300e+02,  0.0000000e+00,  0.0000000e+00,  0.0000000e+00,\n         0.0000000e+00,  0.0000000e+00],\n       [ 0.0000000e+00,  0.0000000e+00,  0.0000000e+00,  0.0000000e+00,\n         0.0000000e+00,  0.0000000e+00,  0.0000000e+00,  4.5733300e+02,\n         0.0000000e+00, -4.1160000e+03,  7.3173330e+03, -4.1160000e+03,\n         0.0000000e+00,  4.5733300e+02,  0.0000000e+00,  0.0000000e+00,\n         0.0000000e+00,  0.0000000e+00],\n       [ 0.0000000e+00,  0.0000000e+00,  0.0000000e+00,  0.0000000e+00,\n         0.0000000e+00,  0.0000000e+00,  0.0000000e+00,  0.0000000e+00,\n         4.5733300e+02, -0.0000000e+00, -4.1160000e+03,  7.3173340e+03,\n        -4.1160000e+03, -0.0000000e+00,  4.5733300e+02,  0.0000000e+00,\n         0.0000000e+00,  0.0000000e+00],\n       [ 0.0000000e+00,  0.0000000e+00,  0.0000000e+00,  0.0000000e+00,\n         0.0000000e+00,  0.0000000e+00,  0.0000000e+00,  0.0000000e+00,\n         0.0000000e+00,  4.5733300e+02,  0.0000000e+00, -4.1160000e+03,\n         7.3173330e+03, -4.1160000e+03,  0.0000000e+00,  4.5733300e+02,\n         0.0000000e+00,  0.0000000e+00],\n       [ 0.0000000e+00,  0.0000000e+00,  0.0000000e+00,  0.0000000e+00,\n         0.0000000e+00,  0.0000000e+00,  0.0000000e+00,  0.0000000e+00,\n         0.0000000e+00,  0.0000000e+00,  4.5733300e+02, -0.0000000e+00,\n        -4.1160000e+03,  7.3173340e+03, -4.1160000e+03, -2.2866700e+02,\n         6.8600000e+02,  0.0000000e+00],\n       [ 0.0000000e+00,  0.0000000e+00,  0.0000000e+00,  0.0000000e+00,\n         0.0000000e+00,  0.0000000e+00,  0.0000000e+00,  0.0000000e+00,\n         0.0000000e+00,  0.0000000e+00,  0.0000000e+00,  4.5733300e+02,\n         0.0000000e+00, -4.1160000e+03,  7.3173330e+03, -3.6586670e+03,\n        -2.7440000e+03,  2.7440000e+03],\n       [ 0.0000000e+00,  0.0000000e+00,  0.0000000e+00,  0.0000000e+00,\n         0.0000000e+00,  0.0000000e+00,  0.0000000e+00,  0.0000000e+00,\n         0.0000000e+00,  0.0000000e+00,  0.0000000e+00,  0.0000000e+00,\n         4.5733300e+02, -2.2866700e+02, -3.6586670e+03,  1.2348000e+04,\n        -1.8522000e+04,  9.6040000e+03],\n       [ 0.0000000e+00,  0.0000000e+00,  0.0000000e+00,  0.0000000e+00,\n         0.0000000e+00,  0.0000000e+00,  0.0000000e+00,  0.0000000e+00,\n         0.0000000e+00,  0.0000000e+00,  0.0000000e+00,  0.0000000e+00,\n         0.0000000e+00,  6.8600000e+02, -2.7440000e+03, -1.8522000e+04,\n         6.5855999e+04, -4.5276001e+04],\n       [ 0.0000000e+00,  0.0000000e+00,  0.0000000e+00,  0.0000000e+00,\n         0.0000000e+00,  0.0000000e+00,  0.0000000e+00,  0.0000000e+00,\n         0.0000000e+00,  0.0000000e+00,  0.0000000e+00,  0.0000000e+00,\n         0.0000000e+00,  0.0000000e+00,  2.7440000e+03,  9.6040000e+03,\n        -4.5276001e+04,  3.2928000e+04]])"
     },
     "execution_count": 61,
     "metadata": {},
     "output_type": "execute_result"
    }
   ],
   "source": [
    "np.round(R,3)"
   ],
   "metadata": {
    "collapsed": false
   }
  },
  {
   "cell_type": "code",
   "execution_count": 56,
   "outputs": [
    {
     "name": "stderr",
     "output_type": "stream",
     "text": [
      "100%|██████████| 1000/1000 [36:01<00:00,  2.16s/it] \n",
      "100%|██████████| 10/10 [00:12<00:00,  1.29s/it]\n",
      "100%|██████████| 1000/1000 [33:45<00:00,  2.03s/it]\n",
      "100%|██████████| 10/10 [00:11<00:00,  1.18s/it]\n"
     ]
    }
   ],
   "source": [
    "model_super_1 = FunctionOnFunctionModel(bases_pairs=bases_pairs, Sigma_decay=np.inf, const=True, lambda_s=lambda_s, lambda_t=lambda_t, R=R, S=S, J_HH=J_HH, Kb_t=bt_base.num_basis())\n",
    "model_super_1.set_Sigma(Sigma1)\n",
    "optimizer = CordexContinuous(model=model_super_1, runs=4)\n",
    "best_design_super_1, best_objective_value_super_1 = optimizer.optimize(epochs=1000, refinement_epochs=10)\n",
    "\n",
    "model_super_2 = FunctionOnFunctionModel(bases_pairs=bases_pairs, Sigma_decay=np.inf, const=True, lambda_s=lambda_s, lambda_t=lambda_t, R=R, S=S, J_HH=J_HH, Kb_t=bt_base.num_basis())\n",
    "model_super_2.set_Sigma(Sigma2)\n",
    "optimizer = CordexContinuous(model=model_super_2, runs=4)\n",
    "best_design_super_2, best_objective_value_super_2 = optimizer.optimize(epochs=1000, refinement_epochs=10)"
   ],
   "metadata": {
    "collapsed": false
   }
  },
  {
   "cell_type": "code",
   "execution_count": 62,
   "outputs": [
    {
     "ename": "NameError",
     "evalue": "name 'best_design_super_1' is not defined",
     "output_type": "error",
     "traceback": [
      "\u001B[0;31m---------------------------------------------------------------------------\u001B[0m",
      "\u001B[0;31mNameError\u001B[0m                                 Traceback (most recent call last)",
      "Cell \u001B[0;32mIn[62], line 1\u001B[0m\n\u001B[0;32m----> 1\u001B[0m plot_design(\u001B[43mbest_design_super_1\u001B[49m, [x_base], \u001B[38;5;241m4\u001B[39m,\n\u001B[1;32m      2\u001B[0m             sub_x\u001B[38;5;241m=\u001B[39m\u001B[38;5;241m2\u001B[39m, sub_y\u001B[38;5;241m=\u001B[39m\u001B[38;5;241m2\u001B[39m, colour\u001B[38;5;241m=\u001B[39m\u001B[38;5;124m\"\u001B[39m\u001B[38;5;124m#FFC100\u001B[39m\u001B[38;5;124m\"\u001B[39m)\n",
      "\u001B[0;31mNameError\u001B[0m: name 'best_design_super_1' is not defined"
     ]
    }
   ],
   "source": [
    "plot_design(best_design_super_1, [x_base], 4,\n",
    "            sub_x=2, sub_y=2, colour=\"#FFC100\") # FFC100"
   ],
   "metadata": {
    "collapsed": false
   }
  },
  {
   "cell_type": "code",
   "execution_count": 99,
   "outputs": [
    {
     "data": {
      "text/plain": "<Figure size 1500x1000 with 4 Axes>",
